126.0 785.0 203.0 897.0 74.0 983.0 7.0 871.0 plane 0
850.0 489.0 954.0 422.0 1024.0 538.0 922.0 603.0 plane 0
692.0 584.0 796.0 516.0 868.0 634.0 762.0 699.0 plane 0
288.0 830.0 395.0 767.0 468.0 890.0 359.0 951.0 plane 0
627.0 192.0 639.0 185.0 665.0 226.0 654.0 234.0 large-vehicle 0
605.0 75.0 599.0 67.0 613.0 54.0 620.0 62.0 small-vehicle 1
633.0 23.0 622.0 28.0 611.0 7.0 621.0 1.0 large-vehicle 1
161.0 751.0 171.0 743.0 201.0 787.0 190.0 793.0 large-vehicle 0
200.0 796.0 212.0 790.0 240.0 835.0 230.0 842.0 large-vehicle 0
372.0 692.0 364.0 676.0 411.0 651.0 418.0 666.0 large-vehicle 0
336.0 585.0 333.0 599.0 284.0 587.0 285.0 572.0 large-vehicle 0
324.0 182.0 333.0 195.0 286.0 222.0 278.0 211.0 large-vehicle 0
318.0 132.0 329.0 124.0 358.0 164.0 346.0 172.0 large-vehicle 0
550.0 667.0 668.0 598.0 742.0 721.0 623.0 792.0 plane 0
