339.0 85.0 334.0 89.0 326.0 79.0 331.0 74.0 small-vehicle 1
347.0 77.0 340.0 81.0 330.0 67.0 337.0 62.0 small-vehicle 1
366.0 68.0 358.0 72.0 347.0 56.0 355.0 50.0 small-vehicle 1
386.0 56.0 376.0 63.0 365.0 47.0 374.0 41.0 small-vehicle 1
223.0 122.0 216.0 113.0 228.0 106.0 234.0 114.0 small-vehicle 1
167.0 102.0 158.0 107.0 147.0 89.0 156.0 82.0 small-vehicle 1
218.0 89.0 224.0 84.0 236.0 101.0 227.0 106.0 small-vehicle 1
280.0 131.0 272.0 136.0 264.0 121.0 270.0 116.0 small-vehicle 1
311.0 128.0 303.0 132.0 292.0 118.0 299.0 114.0 small-vehicle 1
266.0 81.0 258.0 85.0 247.0 69.0 254.0 62.0 small-vehicle 1
276.0 76.0 267.0 81.0 260.0 65.0 268.0 60.0 small-vehicle 1
285.0 70.0 276.0 74.0 268.0 58.0 276.0 54.0 small-vehicle 1
300.0 59.0 292.0 64.0 283.0 49.0 290.0 44.0 small-vehicle 1
309.0 55.0 301.0 59.0 294.0 44.0 301.0 40.0 small-vehicle 1
326.0 42.0 319.0 47.0 308.0 31.0 316.0 26.0 small-vehicle 1
259.0 192.0 254.0 183.0 270.0 174.0 274.0 182.0 small-vehicle 1
268.0 206.0 264.0 199.0 281.0 187.0 286.0 196.0 small-vehicle 1
279.0 225.0 272.0 216.0 288.0 206.0 294.0 213.0 small-vehicle 1
627.0 857.0 639.0 850.0 665.0 891.0 654.0 899.0 large-vehicle 0
490.0 516.0 495.0 525.0 475.0 537.0 469.0 527.0 small-vehicle 1
605.0 740.0 599.0 732.0 613.0 719.0 620.0 727.0 small-vehicle 1
633.0 688.0 622.0 693.0 611.0 672.0 621.0 666.0 large-vehicle 1
483.0 486.0 488.0 496.0 457.0 514.0 451.0 504.0 large-vehicle 1
553.0 651.0 546.0 643.0 559.0 632.0 565.0 639.0 small-vehicle 1
555.0 666.0 547.0 658.0 565.0 646.0 570.0 655.0 small-vehicle 1
324.0 847.0 333.0 860.0 286.0 887.0 278.0 876.0 large-vehicle 0
318.0 797.0 329.0 789.0 358.0 829.0 346.0 837.0 large-vehicle 0
305.0 231.0 309.0 240.0 293.0 247.0 288.0 240.0 small-vehicle 1
431.0 31.0 426.0 35.0 414.0 20.0 420.0 13.0 small-vehicle 1
395.0 29.0 401.0 22.0 411.0 40.0 405.0 44.0 small-vehicle 1
412.0 338.0 404.0 339.0 401.0 319.0 407.0 318.0 small-vehicle 1
367.0 341.0 371.0 349.0 360.0 357.0 355.0 349.0 small-vehicle 1
362.0 333.0 366.0 341.0 352.0 349.0 347.0 343.0 small-vehicle 1
346.0 331.0 339.0 324.0 350.0 315.0 356.0 323.0 small-vehicle 1
336.0 318.0 329.0 311.0 342.0 299.0 348.0 308.0 small-vehicle 1
324.0 299.0 318.0 292.0 330.0 284.0 334.0 292.0 small-vehicle 1
309.0 274.0 305.0 266.0 316.0 258.0 323.0 267.0 small-vehicle 1
311.0 249.0 316.0 258.0 303.0 264.0 298.0 258.0 small-vehicle 1
297.0 223.0 303.0 230.0 288.0 239.0 284.0 232.0 small-vehicle 1
